39 168 54 116 93 36 132 228 1 64 93 235 21 241 187 168
96 159 181 11 156 200 202 128 207 31 94 15 235 35 126 128
200 109 154 16 153 88 98 54 246 119 1 134 14 61 208 225
101 95 4 115 13 104 29 76 135 187 150 18 70 109 244 201
63 156 68 58 114 151 166 73 225 24 231 128 193 32 184 167
19 101 189 228 198 205 157 20 198 86 46 12 65 254 88 236
59 89 195 135 223 176 94 82 202 62 2 147 241 121 159 102
253 254 192 133 19 54 38 110 111 21 241 111 63 197 210 213
74 204 62 241 214 51 35 155 246 114 50 188 251 134 183 236
206 210 217 56 30 28 251 161 43 67 193 104 222 67 127 42
5 167 137 32 247 23 180 102 204 191 107 86 232 6 142 80
243 14 67 82 17 173 109 67 54 104 198 112 54 33 229 66
129 172 228 4 141 166 145 242 194 230 243 219 17 148 51 209
82 14 188 161 218 155 181 106 65 87 49 22 168 109 131 124
193 162 41 223 80 165 171 26 143 33 188 174 182 174 56 235
162 231 155 108 76 249 18 189 86 133 238 163 143 226 110 25
248 111 132 210 17 134 10 91 179 166 159 0 24 255 161 138
125 254 69 117 162 238 64 163 89 76 234 139 78 209 28 130
247 233 99 17 72 121 118 204 119 161 107 128 56 81 19 116
62 5 30 7 222 91 105 39 126 232 222 210 29 191 98 94
70 11 183 169 69 155 73 193 35 80 30 191 62 227 191 51
84 6 88 120 97 68 188 250 122 63 118 57 230 157 187 208
62 204 157 205 98 49 134 2 0 151 89 94 2 112 102 33
182 233 101 214 216 143 6 17 210 76 89 37 167 54 235 200
252 243 58 38 218 69 19 147 90 95 247 20 202 183 105 173
62 208 63 121 185 223 106 229 85 136 130 196 219 227 128 70
168 57 161 212 47 24 144 81 219 108 215 248 36 100 85 166
195 193 98 108 16 66 95 195 65 252 109 208 211 136 163 13
185 225 34 0 96 229 209 33 28 85 152 99 225 5 89 80
232 245 248 201 252 212 250 85 197 207 103 172 127 77 150 134
23 116 93 203 130 60 51 19 209 56 15 130 155 36 251 132
29 167 19 187 17 143 204 38 153 19 132 93 193 54 210 182
5 197 59 219 195 26 35 57 218 209 216 201 184 146 132 176
126 54 207 120 85 7 213 81 104 253 172 248 157 17 113 220
168 241 88 72 141 100 16 139 166 253 64 250 229 80 118 72
216 206 16 90 247 115 54 168 161 153 132 94 101 93 115 243
98 182 42 129 69 229 50 230 126 195 198 110 63 12 32 0
91 185 70 70 211 159 167 83 186 110 206 142 17 54 172 56
235 117 191 81 245 113 192 240 72 174 70 2 86 151 255 110
211 75 25 62 140 13 34 209 63 249 57 109 49 149 49 154
105 18 117 70 170 233 248 182 219 18 106 244 1 35 150 131
1 31 50 29 100 78 32 37 207 243 181 71 195 252 29 92
177 169 212 156 192 114 67 71 27 33 167 122 88 180 79 150
107 204 157 11 100 77 155 201 141 6 188 22 179 182 161 107
65 17 74 250 217 112 36 228 58 232 249 53 238 236 214 132
24 24 62 34 128 236 236 68 159 51 174 212 112 76 196 177
145 41 99 160 214 82 28 74 166 33 24 38 2 220 231 169
23 241 3 158 165 8 107 245 252 201 230 110 240 177 85 170
110 195 46 167 29 19 115 5 188 37 174 239 6 162 222 147
76 202 153 246 7 159 173 236 51 235 148 148 218 180 226 252
12 241 85 83 126 36 78 148 140 217 239 123 249 67 254 94
196 112 134 0 121 227 27 163 221 60 15 122 15 29 210 192
225 69 89 10 197 60 230 15 155 49 136 73 228 41 18 208
12 205 121 86 205 44 67 239 134 75 75 180 245 188 195 90
191 123 240 111 125 17 186 150 190 2 165 98 46 224 5 222
26 4 164 43 248 63 208 4 219 158 6 31 2 98 35 171
1 186 146 96 56 172 226 36 46 146 174 3 129 10 9 113
125 78 202 177 247 109 226 10 91 104 251 3 85 12 217 214
165 56 203 137 15 175 211 221 170 94 54 211 0 218 219 205
88 135 153 175 245 228 113 72 85 10 151 242 138 179 2 98
216 149 72 2 1 181 28 142 243 117 142 166 145 3 82 111
93 99 199 76 222 0 231 115 18 172 223 133 231 148 222 141
27 105 227 49 195 167 154 69 234 78 29 43 11 36 221 212
208 35 179 41 107 184 136 3 42 20 59 175 80 47 243 192
172 86 201 89 7 118 134 155 193 180 21 98 247 97 13 19
104 227 197 232 9 11 57 96 33 156 28 48 241 123 27 31
73 245 162 234 156 77 212 44 226 228 63 249 2 63 232 182
114 22 6 14 44 12 130 114 42 209 215 44 224 200 235 158
109 105 107 90 56 180 9 43 22 250 103 245 31 234 169 113
116 56 224 125 192 69 208 164 95 77 168 236 200 240 177 104
148 201 44 248 188 1 126 108 97 38 202 82 184 85 215 118
120 210 142 183 76 188 125 141 74 167 122 249 247 242 185 237
8 221 127 215 69 42 188 240 113 65 242 57 135 102 220 143
57 4 31 222 41 35 116 32 24 98 116 23 81 105 77 32
172 210 153 242 41 81 170 87 233 225 71 147 183 144 168 175
247 59 0 235 173 180 254 189 5 148 187 32 107 202 163 180
85 113 248 73 173 90 240 55 79 9 21 246 59 132 156 85
6 215 129 64 103 179 147 106 172 32 246 95 199 218 182 113
9 15 58 25 142 5 210 163 217 3 198 140 156 34 212 185
7 233 158 140 28 247 40 212 153 142 190 170 78 56 95 164
6 233 28 224 63 154 188 52 209 175 220 129 1 164 147 10
245 133 86 19 194 3 34 154 208 63 99 144 145 192 170 56
105 107 7 169 88 167 51 199 177 185 17 86 92 246 117 82
68 134 159 186 28 5 69 147 117 167 166 182 172 59 88 167
213 136 177 130 97 254 16 106 183 39 127 251 12 97 147 143
245 250 238 233 159 20 223 167 154 0 178 23 51 144 212 70
152 42 135 142 193 226 137 99 50 44 4 42 119 57 247 155
200 214 238 144 204 15 77 170 102 56 248 108 145 172 26 30
213 224 218 239 151 125 239 48 253 60 171 6 95 22 23 213
99 87 57 37 206 54 126 36 96 97 30 254 209 242 72 87
18 96 203 192 111 248 177 18 110 46 177 156 199 49 187 57
0 121 209 101 227 56 9 191 81 96 215 211 202 216 120 18
121 98 118 145 51 246 218 123 136 136 120 249 34 192 140 162
10 68 31 164 161 14 154 212 222 85 211 92 237 122 255 149
194 108 29 202 8 78 229 216 212 190 34 202 5 158 145 178
44 166 80 213 129 10 27 43 1 240 84 225 174 237 200 211
195 43 108 48 188 216 196 131 230 35 250 36 133 14 178 126
176 172 0 49 109 64 176 136 237 119 89 58 50 10 31 80
166 49 29 26 17 123 13 177 95 4 232 134 58 105 51 195
84 145 72 12 189 56 140 35 199 126 166 49 250 93 29 68
248 171 217 149 221 39 44 244 189 63 192 21 216 132 83 19
19 87 88 66 24 95 172 69 140 38 244 71 198 95 39 204
252 65 38 194 19 120 44 250 56 254 85 27 199 57 100 148
20 107 225 115 195 78 163 41 156 255 164 221 129 124 131 228
132 47 4 187 38 227 142 31 186 126 110 25 27 139 217 202
208 231 119 149 208 173 16 194 190 109 105 218 180 108 73 24
230 163 0 7 205 55 249 169 174 221 10 93 126 89 74 140
53 241 71 15 173 81 183 32 156 46 53 68 81 72 96 233
183 136 18 87 145 253 216 247 170 128 116 233 235 91 197 154
144 28 122 120 193 19 230 82 228 40 4 251 250 60 44 136
121 93 217 106 200 35 40 217 76 83 20 112 58 226 128 178
7 12 80 230 226 98 216 227 5 224 250 125 174 91 142 236
7 97 75 46 60 238 151 128 86 198 196 146 8 153 109 43
42 73 83 100 47 1 152 58 11 133 82 189 44 159 166 185
39 179 224 25 103 72 26 118 37 255 186 98 61 228 118 112
62 146 37 224 129 106 131 167 101 180 113 79 119 156 40 8
33 91 224 237 84 6 176 138 117 18 72 150 1 202 205 51
180 60 90 228 235 219 33 159 92 100 126 212 45 56 34 239
118 158 160 14 107 170 236 106 82 42 82 103 59 212 59 124
227 165 120 241 211 112 33 58 175 247 139 26 204 243 216 72
144 131 118 96 223 126 106 201 56 12 149 150 207 54 45 25
160 93 31 192 72 213 146 247 33 218 66 103 158 198 216 65
138 50 68 50 127 51 193 11 201 38 45 251 40 47 127 186
64 49 84 188 14 115 40 55 200 36 57 59 17 255 238 90
192 193 162 243 139 63 164 250 60 55 189 5 14 109 74 170
252 13 8 155 92 187 44 108 8 48 190 19 249 173 178 100
223 50 102 217 132 141 125 143 179 255 224 20 205 140 70 184
219 14 214 183 23 223 185 107 122 87 236 241 27 191 198 231
61 43 76 255 206 243 183 69 140 39 234 174 136 58 57 59
87 164 27 4 26 57 161 92 44 95 94 37 235 122 40 103
176 232 80 74 76 167 76 233 7 75 176 171 175 18 6 99
213 161 46 248 48 254 104 79 138 32 94 144 196 13 176 224
164 62 20 175 155 171 192 128 230 194 244 103 102 150 231 154
18 163 25 22 5 6 157 142 49 119 39 161 173 31 5 213
14 228 205 216 128 235 70 53 77 249 171 202 116 118 207 5
249 158 105 98 7 68 81 62 160 118 238 18 27 248 96 171
224 167 148 236 134 82 81 15 142 58 113 0 23 171 51 60
201 51 93 200 25 77 250 15 215 250 26 176 51 191 43 24
123 151 138 64 69 161 164 154 12 85 25 78 172 21 196 12
242 2 202 242 32 29 69 125 3 64 147 34 244 206 122 12
131 245 90 132 180 97 251 92 173 193 87 129 82 179 224 191
52 78 0 49 53 201 93 150 13 92 202 2 121 206 86 189
163 55 172 26 189 248 103 192 55 192 19 67 111 241 171 175
201 215 105 18 235 197 1 101 66 15 182 7 19 181 110 128
153 45 48 194 164 126 86 84 15 60 115 98 243 215 201 234
176 46 104 106 113 81 253 93 140 214 11 162 48 251 197 90
180 233 201 156 198 60 138 242 232 44 80 223 245 94 236 82
255 26 167 50 37 149 227 215 59 253 168 183 28 246 220 135
144 60 59 209 210 86 62 0 121 223 26 12 87 66 40 144
205 250 179 106 27 65 196 50 123 200 99 177 194 217 14 126
