135 11 211 69 167 231 179 68 34 206 119 212 102 210 145 177 
27 7 179 100 56 107 225 206 100 137 95 42 134 212 13 227 
24 79 70 17 174 36 17 124 47 197 22 170 31 253 6 195 
132 143 57 227 204 145 187 251 82 81 10 196 5 174 168 60 
144 40 33 254 28 80 179 156 132 23 84 214 58 52 32 130 
93 27 90 207 176 160 183 235 215 204 226 121 158 11 119 199 
180 9 8 65 213 11 76 10 21 47 217 26 121 69 178 68 
154 158 145 156 105 43 197 227 211 115 31 49 209 137 115 40 
2 195 238 234 226 50 183 187 215 31 93 167 234 78 40 86 
48 145 101 184 236 216 201 73 76 43 124 215 183 83 192 153 
73 54 198 173 70 252 223 6 159 20 157 3 161 117 46 36 
71 203 114 16 151 107 233 92 72 29 96 33 241 170 79 122 
82 119 184 135 31 54 177 83 181 250 74 51 203 39 148 205 
68 35 34 192 74 20 134 116 214 234 53 149 96 188 240 115 
101 237 179 91 197 44 140 60 135 213 229 35 223 95 157 71 
173 3 210 121 254 78 106 135 170 242 75 54 106 180 226 55 
68 173 171 149 216 80 157 76 238 224 193 62 153 242 40 148 
180 169 34 145 168 2 52 50 17 63 208 130 86 205 252 249 
114 87 227 71 31 244 102 30 170 3 174 140 59 129 89 53 
197 201 83 245 177 36 223 213 187 8 168 169 78 151 3 248 
34 128 155 62 66 76 67 224 222 18 97 178 214 213 138 56 
178 193 131 33 218 255 94 7 192 62 120 205 250 221 156 29 
179 98 166 149 94 187 39 230 175 24 229 49 128 143 39 75 
126 27 72 128 158 203 10 104 190 99 35 34 188 9 116 176 
46 185 251 92 53 109 90 72 231 84 169 224 56 67 75 210 
131 162 201 203 207 58 71 99 128 207 125 196 164 79 45 209 
150 88 88 232 161 253 61 115 87 182 246 95 69 11 240 245 
18 34 225 5 73 31 22 66 137 195 175 15 190 87 156 255 
85 30 203 46 41 109 224 208 246 24 152 63 137 116 17 8 
239 1 219 79 218 5 4 253 141 141 150 141 152 30 21 176 
16 231 167 72 42 201 89 121 43 139 253 99 138 215 168 10 
229 229 123 160 109 92 142 225 197 136 158 26 254 88 160 28 
171 151 16 8 50 16 44 148 147 44 46 209 27 193 104 82 
250 119 57 105 214 6 185 118 216 184 196 103 66 63 113 194 
101 59 168 17 9 19 160 12 86 15 98 131 39 53 143 127 
127 168 95 152 79 55 146 241 183 100 175 75 199 118 255 9 
80 7 167 232 32 107 12 247 63 231 61 82 61 103 171 191 
40 107 141 73 58 208 106 140 239 29 198 73 186 182 211 187 
234 234 57 52 180 221 118 244 172 85 55 51 205 38 49 116 
133 222 59 64 87 199 141 21 214 47 146 104 125 106 141 45 
11 37 100 204 23 43 176 100 71 25 170 201 246 67 159 170 
42 7 6 33 221 109 75 158 213 45 120 229 165 22 101 217 
202 4 40 212 194 82 108 107 100 163 168 143 35 39 37 103 
36 8 111 220 117 216 3 24 61 180 4 38 197 115 0 135 
191 249 161 39 74 203 235 130 92 16 84 73 163 3 72 181 
67 90 244 145 239 121 73 85 150 86 69 93 247 201 185 75 
60 93 99 178 138 9 237 101 194 188 179 18 220 13 35 146 
220 182 168 222 0 150 14 134 15 90 156 19 90 94 5 51 
214 41 144 109 51 221 247 107 77 246 91 114 115 69 80 225 
151 160 106 88 207 130 138 175 58 30 250 213 110 179 38 245 
183 239 180 49 182 43 165 173 250 171 143 241 133 187 128 156 
246 54 106 115 183 168 56 54 75 3 228 75 237 126 207 9 
189 118 84 159 55 244 89 130 30 86 178 218 186 94 101 243 
170 35 58 102 177 237 154 209 126 167 158 253 65 214 91 241 
149 241 82 110 44 180 114 159 111 104 16 218 158 127 108 182 
49 31 243 87 74 140 9 67 109 52 124 2 72 224 2 31 
63 104 81 150 184 145 203 172 150 47 148 107 69 217 41 69 
30 73 73 202 39 169 113 64 78 73 98 209 238 106 245 175 
191 178 240 67 238 116 0 94 0 13 172 130 236 30 144 83 
12 199 71 3 170 161 35 24 47 48 125 11 110 128 227 75 
218 156 254 157 35 102 7 119 69 250 31 6 115 242 185 81 
108 236 158 215 95 4 144 5 77 11 24 201 82 57 181 72 
192 11 22 50 216 186 139 254 240 176 93 104 17 122 39 119 
106 172 233 173 144 197 162 102 219 121 113 198 239 180 60 7 
140 144 106 145 158 136 174 69 54 168 162 162 102 43 155 144 
220 172 65 18 181 34 18 102 82 108 126 168 199 26 37 228 
228 163 46 57 231 38 239 175 22 83 198 36 103 184 167 204 
155 31 221 138 145 160 30 85 30 56 245 18 150 95 93 231 
132 63 116 176 24 191 0 243 51 71 217 125 150 150 78 198 
7 194 223 128 149 240 56 146 141 253 186 72 247 93 163 182 
173 108 152 42 98 53 162 70 214 40 205 237 164 149 65 147 
3 197 0 193 69 155 217 195 71 87 239 33 185 188 10 184 
209 201 250 98 88 115 110 215 3 96 230 195 96 25 140 170 
5 48 214 239 36 108 106 141 132 110 109 97 62 235 59 88 
119 131 148 179 49 187 83 125 46 7 69 157 153 202 16 60 
56 189 192 52 146 229 131 98 87 167 111 175 210 22 122 161 
127 182 241 90 211 227 139 124 9 218 25 72 230 66 233 124 
124 110 163 99 58 80 174 63 35 231 43 152 103 253 154 26 
129 44 217 133 101 169 90 143 21 92 221 146 195 9 33 127 
51 42 252 168 47 1 154 168 209 122 186 219 111 197 200 87 
97 140 197 102 232 217 27 48 113 222 213 211 234 154 178 99 
194 185 144 187 126 42 59 32 133 247 204 151 213 194 85 154 
90 161 198 101 249 14 69 243 41 241 54 201 65 204 211 180 
197 215 118 16 53 244 232 254 173 8 179 92 83 53 45 140 
181 146 234 234 136 132 151 50 109 199 104 63 149 206 12 163 
85 193 97 22 34 235 225 122 14 60 51 107 116 250 211 105 
212 113 132 127 33 127 179 17 232 89 208 143 180 115 213 115 
92 59 252 254 49 76 132 29 246 4 151 163 68 202 203 10 
94 234 27 193 83 139 62 5 39 9 231 221 111 127 35 171 
179 79 86 46 95 1 79 1 33 211 59 238 25 164 223 177 
251 26 100 86 180 179 182 79 139 231 223 162 108 92 165 40 
243 195 205 168 122 56 22 249 54 126 7 150 199 103 174 91 
80 3 250 22 2 45 224 60 111 182 195 54 154 14 47 170 
33 43 246 83 106 176 235 22 242 13 164 208 28 242 224 65 
135 232 70 168 229 73 69 193 184 105 180 156 236 228 30 200 
102 9 68 151 159 58 55 156 99 242 214 173 47 32 88 168 
63 20 206 150 112 68 115 89 125 236 195 78 233 158 58 249 
114 163 25 7 238 158 251 1 24 124 196 190 106 222 55 93 
207 199 153 178 86 180 128 59 133 141 23 127 13 69 10 65 
19 230 205 32 239 141 214 133 70 195 71 200 16 8 121 111 
179 182 33 195 180 251 124 160 33 180 160 89 155 244 58 244 
14 246 26 6 44 198 149 113 68 105 56 206 201 15 21 168 
248 197 67 210 91 216 200 106 32 239 174 163 160 225 152 254 
91 150 160 119 204 107 217 192 141 254 151 225 42 93 237 218 
191 215 27 247 219 241 247 31 171 124 105 213 176 61 146 17 
28 167 68 114 49 56 6 28 140 98 194 158 205 130 178 89 
141 61 114 208 200 178 159 227 137 235 53 89 180 11 245 48 
202 60 20 20 113 123 112 212 85 111 218 221 102 212 178 205 
106 107 3 84 14 8 206 85 161 32 67 65 28 164 93 90 
1 201 204 233 96 210 180 102 83 6 116 172 169 25 177 17 
246 124 145 86 179 30 157 196 162 202 224 3 10 181 47 153 
2 32 247 14 113 197 11 154 55 100 149 56 83 16 137 116 
52 87 213 168 189 24 18 97 86 39 196 59 10 139 63 133 
253 227 98 209 210 193 89 251 76 144 214 133 51 57 202 67 
65 126 172 200 201 63 112 163 51 50 213 45 218 194 141 220 
40 160 2 85 84 144 175 108 112 2 108 219 123 204 206 208 
84 6 242 146 47 134 31 252 75 44 151 196 101 190 52 71 
122 29 62 224 63 214 220 134 68 198 33 224 18 6 213 1 
54 140 177 96 16 65 116 172 93 64 191 64 82 160 201 167 
160 21 30 102 252 244 25 83 95 42 161 178 163 23 234 209 
76 235 94 214 170 219 32 196 114 135 117 74 42 235 34 230 
157 33 25 222 173 63 207 93 55 183 126 42 18 56 166 228 
181 7 202 92 205 92 15 54 29 197 46 42 244 222 50 250 
238 224 84 216 84 83 69 7 29 218 244 65 11 33 72 4 
96 126 200 151 111 128 213 57 79 176 242 121 170 67 69 230 
144 45 127 59 138 101 212 190 125 120 197 119 162 209 196 149 
141 240 245 62 168 246 46 200 247 13 30 104 44 152 176 43 
94 218 56 75 252 127 63 102 232 245 169 125 48 131 67 202 
93 16 92 122 219 87 152 163 160 206 157 76 118 121 212 247 
143 134 235 202 96 252 125 115 76 97 66 218 93 144 21 30 
20 117 242 36 138 234 203 142 99 89 250 8 16 0 248 77 
112 175 117 67 45 242 248 161 215 44 117 185 229 153 179 32 
90 158 68 20 241 241 133 100 173 213 133 115 36 238 71 193 
195 191 29 59 209 235 157 216 162 1 22 99 10 106 8 141 
59 221 182 70 191 116 150 59 125 26 140 226 207 86 50 15 
70 90 65 42 67 18 151 93 177 160 103 83 16 143 15 222 
205 45 152 217 80 78 208 30 171 191 44 210 199 91 107 64 
190 203 54 174 237 33 3 93 133 120 239 107 125 16 134 176 
111 247 188 231 240 232 113 133 84 93 230 255 83 253 66 87 
198 236 112 13 143 251 215 128 228 194 18 142 132 7 190 169 
118 90 197 1 161 170 206 137 100 194 41 229 230 155 122 216 
33 13 48 226 42 181 238 222 18 173 151 149 62 38 229 54 
143 164 178 53 35 206 156 47 248 51 112 70 181 127 93 125 
107 12 50 50 29 193 218 20 146 232 12 55 72 162 245 198 
208 57 26 45 118 147 181 45 75 4 203 179 15 140 73 85 
110 163 195 84 185 232 140 159 126 230 77 197 164 31 13 30 
188 62 191 133 108 103 18 167 194 21 171 198 202 169 44 6 
207 107 215 33 215 163 80 177 68 249 193 12 147 252 8 246 
35 152 165 239 61 61 188 171 84 157 229 144 209 68 21 195 
169 44 178 127 210 160 221 150 114 246 236 219 108 255 167 37 
